154,8
154,7
154,6
154,5
154,4
154,3
154,2
154,1
154,0
153,7
153,6
153,5
153,4
153,3
153,2
153,1
153,0
151,7
151,6
151,5
151,4
151,3
151,2
151,1
151,0
144,7
144,6
144,5
144,4
144,3
144,2
144,1
144,0
142,7
142,5
142,4
142,3
142,2
142,1
142,0
134,5
134,4
134,3
134,2
134,1
134,0
128,5
128,4
128,3
128,2
128,1
128,0
114,3
114,2
114,1
114,0
113,8
113,7
113,6
113,5
113,4
113,3
113,2
113,1
113,0
111,18
111,17
111,16
111,15
111,14
111,13
111,12
111,11
111,10
111,9
111,8
111,7
111,6
111,5
111,4
111,3
111,2
111,1
111,0
110,6
110,5
110,4
110,3
110,2
110,1
110,0
106,6
106,5
106,4
106,3
106,2
106,1
106,0
103,3
103,2
103,1
103,0
102,6
102,5
102,4
102,3
102,2
102,1
102,0
101,5
101,4
101,3
101,2
101,1
101,0
99,10
99,9
99,8
99,7
99,6
99,5
99,4
99,3
99,2
99,1
99,0
98,7
98,6
98,5
98,4
98,3
98,2
98,1
98,0
93,5
93,4
93,3
93,2
93,1
93,0
91,5
91,4
91,3
91,2
91,1
91,0
82,4
82,3
82,2
82,1
82,0
81,3
81,2
81,1
81,0
79,8
79,7
79,6
79,5
79,4
79,3
79,2
79,1
79,0
77,6
77,5
77,4
77,3
77,2
77,1
77,0
76,5
76,4
76,3
76,2
76,1
76,0
73,4
73,3
73,2
73,1
73,0
66,6
66,5
66,4
66,3
66,2
66,1
66,0
64,5
64,4
64,3
64,2
64,1
64,0
49,4
49,3
49,2
49,1
49,0
45,11
45,4
45,3
45,2
45,1
45,0
44,3
44,2
44,1
44,0
9,5
9,3
9,2
9,1
9,0
7,3
5,9
5,8
5,7
5,6
5,3
5,2
5,0
4,3
3,2
3,0
2,2
2,0
1,2
1,0
0,55
0,54
0,9
0,2
0,0
1,45
3,44
2,44
1,44
3,43
2,43
1,43
3,42
2,42
1,42
3,41
2,41
1,41
3,40
2,40
1,40
3,39
2,39
1,39
3,38
2,38
1,38
3,37
2,37
1,37
3,36
2,36
1,36
3,35
2,35
1,35
3,34
2,34
1,34
3,33
2,33
1,33
3,32
2,32
1,32
3,31
2,31
1,31
3,30
2,30
1,30
3,29
2,29
1,29
3,28
2,28
1,28
3,27
2,27
1,27
3,26
2,26
1,26
3,25
2,25
1,25
3,24
2,24
1,24
3,23
2,23
1,23
3,22
2,22
1,22
3,21
2,21
1,21
3,20
2,20
1,20
3,19
2,19
1,19
3,18
2,18
1,18
3,17
2,17
1,17
3,16
2,16
1,16
3,15
2,15
1,15
3,14
2,14
1,14
3,13
2,13
1,13
3,12
2,12
1,12
3,11
2,11
1,11
3,10
2,10
1,10
3,9
2,9
1,9
3,8
2,8
1,8
3,7
2,7
1,7
3,6
2,6
1,6
3,5
2,5
1,5
3,4
2,4
1,4
3,3
2,3
1,3
0,6
0,5
0,47
0,46
0,49
0,48
0,45
0,12
0,50
0,10
0,8
0,11
0,7
0,4
0,3
